-10000 200 200 20989.88820046552
-9800 200 200 19723.482668758494
-9600 200 200 18508.391115618266
-9400 200 200 17343.566441979227
-9200 200 200 16227.961559245667
-9000 200 200 15160.529390745
-8800 200 200 14140.222873435183
-8600 200 200 13165.994959912843
-8400 200 200 12236.798620795187
-8200 200 200 11351.586847552002
-8000 200 200 10509.312655896667
-7800 200 200 9708.929089870593
-7600 200 200 8949.38922678093
-7400 200 200 8229.646183229952
-7200 200 200 7548.6531225051285
-7000 200 200 6905.363263725587
-6800 200 200 6298.72989323584
-6600 200 200 5727.706378932559
-6400 200 200 5191.246188441853
-6200 200 200 4688.302912413454
-6000 200 200 4217.830294698231
-5800 200 200 3778.782271906973
-5600 200 200 3370.1130259396487
-5400 200 200 2990.777054730895
-5200 200 200 2639.7292690264717
-5000 200 200 2315.9251270747777
-4800 200 200 2018.3208257295414
-4600 200 200 1745.8735775031282
-4400 200 200 1497.5420221271117
-4200 200 200 1272.286855101734
-4000 200 200 1069.0718186661798
-3800 200 200 886.8653228778802
-3600 200 200 724.6432147426211
-3400 200 200 581.393758089766
-3200 200 200 456.1271620316564
-3000 200 200 347.895250507283
-2800 200 200 255.83607743483813
-2600 200 200 179.28771257611544
-2400 200 200 118.12162665852506
-2200 200 200 73.83094686861509
-2000 200 200 52.329337248812415
-1800 200 200 61.10708577535281
-1600 200 200 81.00809884958933
-1400 200 200 102.53761019310782
-1200 200 200 122.58170203168079
-1000 200 200 140.07625812022755
-800 200 200 154.58945819511004
-600 200 200 165.91998593682595
-400 200 200 173.9651713523405
-200 200 200 178.67092537837033
0 200 200 180.01080737372334
200 200 200 178.67092537837036
400 200 200 173.96517135234058
600 200 200 165.91998593682604
800 200 200 154.58945819510984
1000 200 200 140.07625812022698
1200 200 200 122.5817020316806
1400 200 200 102.53761019310696
1600 200 200 81.00809884958993
1800 200 200 61.10708577535107
2000 200 200 52.32933724880882
2200 200 200 73.83094686861683
2400 200 200 118.12162665852487
2600 200 200 179.2877125761142
2800 200 200 255.83607743483878
3000 200 200 347.89525050728577
3200 200 200 456.12716203165434
3400 200 200 581.3937580897681
3600 200 200 724.6432147426173
3800 200 200 886.8653228778776
4000 200 200 1069.0718186661798
4200 200 200 1272.2868551017307
4400 200 200 1497.5420221271074
4600 200 200 1745.8735775031298
4800 200 200 2018.3208257295398
5000 200 200 2315.925127074773
5200 200 200 2639.7292690264703
5400 200 200 2990.777054730897
5600 200 200 3370.113025939649
5800 200 200 3778.782271906978
6000 200 200 4217.830294698241
6200 200 200 4688.302912413464
6400 200 200 5191.246188441862
6600 200 200 5727.7063789325675
6800 200 200 6298.729893235831
7000 200 200 6905.363263725581
7200 200 200 7548.653122505114
7400 200 200 8229.646183229948
7600 200 200 8949.389226780926
7800 200 200 9708.92908987057
8000 200 200 10509.312655896663
8200 200 200 11351.586847551991
8400 200 200 12236.798620795154
8600 200 200 13165.994959912847
8800 200 200 14140.222873435181
9000 200 200 15160.529390744992
9200 200 200 16227.96155924567
9400 200 200 17343.566441979212
9600 200 200 18508.39111561827
9800 200 200 19723.482668758526
-10000 400 200 21048.68173305814
-9800 400 200 19781.187226001162
-9600 400 200 18565.00881157524
-9400 400 200 17399.09954604301
-9200 400 200 16282.41251210834
-9000 400 200 15213.900822511132
-8800 400 200 14192.517624235463
-8600 400 200 13217.216103452012
-8400 400 200 12286.94949135903
-8200 400 200 11400.671071108956
-8000 400 200 10557.334186066286
-7800 400 200 9755.89224971787
-7600 400 200 8995.29875762105
-7400 400 200 8274.507301915874
-7200 400 200 7592.471589056677
-7000 400 200 6948.14546164213
-6800 400 200 6340.482925494704
-6600 400 200 5768.438183528523
-6400 400 200 5230.965678491465
-6200 400 200 4727.02014741879
-6000 400 200 4255.556691737455
-5800 400 200 3815.530868536532
-5600 400 200 3405.898810863007
-5400 400 200 3025.6173884125833
-5200 400 200 2673.64442535778
-5000 400 200 2348.9390004507827
-4800 400 200 2050.4618679506502
-4600 400 200 1777.176059894159
-4400 400 200 1528.047767223173
-4200 400 200 1302.0476614998465
-4000 400 200 1098.1529342588494
-3800 400 200 915.3505460763889
-3600 400 200 752.6425955172838
-3400 400 200 609.0555692549639
-3200 400 200 483.65705513692797
-3000 400 200 375.58759197817955
-2800 400 200 284.12490216149246
-2600 400 200 208.82007230924478
-2400 400 200 149.7881450206444
-2200 400 200 108.22003540725345
-2000 400 200 87.66421627479994
-1800 400 200 90.71627406244644
-1600 400 200 103.99866116076204
-1400 400 200 120.79688536013563
-1200 400 200 137.63087078653527
-1000 400 200 152.88275735612424
-800 400 200 165.77257388088563
-600 400 200 175.89916937307683
-400 400 200 183.04577308334783
-200 400 200 187.09439247256662
0 400 200 187.986778420634
200 400 200 187.09439247256668
400 400 200 183.0457730833478
600 400 200 175.8991693730768
800 400 200 165.77257388088555
1000 400 200 152.8827573561244
1200 400 200 137.63087078653587
1400 400 200 120.79688536013539
1600 400 200 103.99866116076136
1800 400 200 90.71627406244384
2000 400 200 87.66421627479745
2200 400 200 108.22003540725458
2400 400 200 149.7881450206446
2600 400 200 208.8200723092479
2800 400 200 284.12490216148876
3000 400 200 375.587591978181
3200 400 200 483.6570551369294
3400 400 200 609.0555692549643
3600 400 200 752.6425955172815
3800 400 200 915.3505460763893
4000 400 200 1098.1529342588506
4200 400 200 1302.0476614998433
4400 400 200 1528.0477672231743
4600 400 200 1777.176059894161
4800 400 200 2050.4618679506466
5000 400 200 2348.9390004507845
5200 400 200 2673.644425357784
5400 400 200 3025.617388412583
5600 400 200 3405.8988108630033
5800 400 200 3815.530868536535
6000 400 200 4255.556691737456
6200 400 200 4727.020147418791
6400 400 200 5230.965678491473
6600 400 200 5768.43818352853
6800 400 200 6340.482925494713
7000 400 200 6948.145461642124
7200 400 200 7592.471589056679
7400 400 200 8274.507301915868
7600 400 200 8995.298757621043
7800 400 200 9755.892249717876
8000 400 200 10557.334186066284
8200 400 200 11400.671071108967
8400 400 200 12286.949491359013
8600 400 200 13217.216103452007
8800 400 200 14192.51762423544
9000 400 200 15213.900822511116
9200 400 200 16282.412512108345
9400 400 200 17399.099546043
9600 400 200 18565.008811575237
9800 400 200 19781.187226001155
-10000 600 200 21134.97322605024
-9800 600 200 19865.89455701662
-9600 600 200 18648.135377190352
-9400 600 200 17480.648988797984
-9200 600 200 16362.388745345994
-9000 600 200 15292.308058484847
-8800 600 200 14269.36040601957
-8600 600 200 13292.499341297344
-8400 600 200 12360.678504257392
-8200 600 200 11472.851634504408
-8000 600 200 10627.972586846925
-7800 600 200 9824.995349872188
-7600 600 200 9062.874068266887
-7400 600 200 8340.563069813805
-7200 600 200 7657.016898241587
-7000 600 200 7011.190353475046
-6800 600 200 6402.038541318739
-6600 600 200 5828.516935253982
-6400 600 200 5289.581453961608
-6200 600 200 4784.188559438339
-6000 600 200 4311.295382397136
-5800 600 200 3869.859884213185
-5600 600 200 3458.8410684537093
-5400 600 200 3077.1992605783707
-5200 600 200 2723.8964827516866
-5000 600 200 2397.8969634661394
-4800 600 200 2098.1678415593046
-4600 600 200 1823.6801558332083
-4400 600 200 1573.4102628919666
-4200 600 200 1346.3419113443501
-4000 600 200 1141.4693462935973
-3800 600 200 957.8020726117215
-3600 600 200 794.3723603622503
-3400 600 200 650.2474030443284
-3200 600 200 524.5495505055379
-3000 600 200 416.4907142767529
-2800 600 200 325.4311614543338
-2600 600 200 250.97577819490917
-2400 600 200 193.10324511588362
-2200 600 200 152.20633305146242
-2000 600 200 131.5617704157374
-1800 600 200 129.38194951691838
-1600 600 200 136.38658324504328
-1400 600 200 147.85649190486805
-1200 600 200 160.63438798753944
-1000 600 200 172.87352345120027
-800 600 200 183.52709860292615
-600 600 200 191.9961969771127
-400 600 200 197.93430724135288
-200 600 200 201.14499404199677
0 600 200 201.52994997041785
200 600 200 201.14499404199674
400 600 200 197.93430724135285
600 600 200 191.99619697711273
800 600 200 183.52709860292603
1000 600 200 172.87352345120033
1200 600 200 160.63438798753953
1400 600 200 147.85649190486788
1600 600 200 136.38658324504414
1800 600 200 129.38194951691875
2000 600 200 131.56177041573756
2200 600 200 152.2063330514628
2400 600 200 193.1032451158839
2600 600 200 250.97577819490908
2800 600 200 325.43116145433396
3000 600 200 416.4907142767532
3200 600 200 524.5495505055368
3400 600 200 650.2474030443279
3600 600 200 794.3723603622493
3800 600 200 957.8020726117207
4000 600 200 1141.4693462935948
4200 600 200 1346.3419113443538
4400 600 200 1573.4102628919659
4600 600 200 1823.680155833209
4800 600 200 2098.167841559307
5000 600 200 2397.8969634661394
5200 600 200 2723.8964827516843
5400 600 200 3077.199260578374
5600 600 200 3458.8410684537134
5800 600 200 3869.8598842131814
6000 600 200 4311.295382397133
6200 600 200 4784.188559438337
6400 600 200 5289.5814539616
6600 600 200 5828.516935253985
6800 600 200 6402.038541318737
7000 600 200 7011.190353475048
7200 600 200 7657.016898241578
7400 600 200 8340.563069813816
7600 600 200 9062.874068266878
7800 600 200 9824.995349872184
8000 600 200 10627.972586846927
8200 600 200 11472.851634504406
8400 600 200 12360.678504257377
8600 600 200 13292.499341297364
8800 600 200 14269.360406019567
9000 600 200 15292.30805848485
9200 600 200 16362.388745345968
9400 600 200 17480.64898879798
9600 600 200 18648.13537719039
9800 600 200 19865.89455701661
-10000 800 200 21248.74297860922
-9800 800 200 19977.58388900108
-9600 800 200 18757.74887411104
-9400 800 200 17588.191561789798
-9200 800 200 16467.86566326733
-9000 800 200 15395.72498411849
-8800 800 200 14370.72343701888
-8600 800 200 13391.815056654414
-8400 800 200 12457.954017216813
-8200 800 200 11568.094653024618
-8000 800 200 10721.191482950735
-7800 800 200 9916.199239498781
-7600 800 200 9152.072903607124
-7400 800 200 8427.767746533076
-7200 800 200 7742.239380574264
-7000 800 200 7094.443820872841
-6800 800 200 6483.337561245969
-6600 800 200 5907.877667893425
-6400 800 200 5367.02189609526
-6200 800 200 4859.728836739
-6000 800 200 4384.958101924253
-5800 800 200 3941.6705622899294
-5600 800 200 3528.8286535491306
-5400 800 200 3145.396776712278
-5200 800 200 2790.341826715215
-5000 800 200 2462.63389935427
-4800 800 200 2161.2472492777683
-4600 800 200 1885.1616066262054
-4400 800 200 1633.3640137619573
-4200 800 200 1404.8514277002942
-4000 800 200 1198.6344664374199
-3800 800 200 1013.7428862659697
-3600 800 200 849.233701309513
-3400 800 200 704.203334860455
-3200 800 200 577.8058014812402
-3000 800 200 469.2793287711975
-2800 800 200 377.98257059620244
-2600 800 200 303.4336492633857
-2400 800 200 245.317522384767
-2200 800 200 203.36113775658364
-2000 800 200 182.2748353234649
-1800 800 200 175.19298004728049
-1600 800 200 176.52819058621782
-1400 800 200 182.7591738122216
-1200 800 200 191.19251755557778
-1000 800 200 200.0003581770816
-800 800 200 208.00908454814376
-600 800 200 214.4817188008122
-400 800 200 218.96331753782056
-200 800 200 221.18538055136807
0 800 200 221.0118494206426
200 800 200 221.18538055136807
400 800 200 218.9633175378206
600 800 200 214.48171880081216
800 800 200 208.0090845481438
1000 800 200 200.00035817708175
1200 800 200 191.19251755557812
1400 800 200 182.7591738122213
1600 800 200 176.52819058621807
1800 800 200 175.19298004728066
2000 800 200 182.2748353234646
2200 800 200 203.3611377565842
2400 800 200 245.31752238476668
2600 800 200 303.4336492633844
2800 800 200 377.9825705962035
3000 800 200 469.2793287711949
3200 800 200 577.80580148124
3400 800 200 704.2033348604559
3600 800 200 849.2337013095157
3800 800 200 1013.7428862659697
4000 800 200 1198.634466437422
4200 800 200 1404.851427700293
4400 800 200 1633.3640137619554
4600 800 200 1885.1616066262031
4800 800 200 2161.2472492777665
5000 800 200 2462.6338993542645
5200 800 200 2790.3418267152124
5400 800 200 3145.3967767122795
5600 800 200 3528.828653549127
5800 800 200 3941.670562289933
6000 800 200 4384.958101924252
6200 800 200 4859.728836739006
6400 800 200 5367.021896095262
6600 800 200 5907.877667893421
6800 800 200 6483.337561245975
7000 800 200 7094.443820872832
7200 800 200 7742.239380574268
7400 800 200 8427.76774653307
7600 800 200 9152.072903607117
7800 800 200 9916.199239498785
8000 800 200 10721.191482950717
8200 800 200 11568.094653024624
8400 800 200 12457.954017216825
8600 800 200 13391.815056654417
8800 800 200 14370.723437018883
9000 800 200 15395.724984118471
9200 800 200 16467.865663267356
9400 800 200 17588.191561789805
9600 800 200 18757.748874111054
9800 800 200 19977.583889001064
-10000 1000 200 21390.001006252274
-9800 1000 200 20116.264701209842
-9600 1000 200 18893.8581697198
-9400 1000 200 17721.735434780403
-9200 1000 200 16598.850640549037
-9000 1000 200 15524.158067959066
-8800 1000 200 14496.61215282805
-8600 1000 200 13515.167506942802
-8400 1000 200 12578.77894272041
-8200 1000 200 11686.4015021452
-8000 1000 200 10836.990490918719
-7800 1000 200 10029.50151890559
-7600 1000 200 9262.890548313719
-7400 1000 200 8536.11395136045
-7200 1000 200 7848.128579690382
-7000 1000 200 7197.891848422456
-6800 1000 200 6584.361838540924
-6600 1000 200 6006.497422443619
-6400 1000 200 5463.25841895688
-6200 1000 200 4953.6057861251265
-6000 1000 200 4476.50186283687
-5800 1000 200 4030.9106741275677
-5600 1000 200 3615.7983202593177
-5400 1000 200 3230.133477046129
-5200 1000 200 2872.8880453154343
-5000 1000 200 2543.0380022280547
-4800 1000 200 2239.564528423365
-4600 1000 200 1961.4555154520315
-4400 1000 200 1707.7076016418027
-4200 1000 200 1477.3289463783553
-4000 1000 200 1269.3430377762543
-3800 1000 200 1082.7939378010408
-3600 1000 200 916.7534861912746
-3400 1000 200 770.3310412871347
-3200 1000 200 642.6861160678759
-3000 1000 200 533.0431806987583
-2800 1000 200 440.70452006777305
-2600 1000 200 365.04851942070064
-2400 1000 200 305.4838686797847
-2200 1000 200 262.6880075657108
-2000 1000 200 239.81293905851632
-1800 1000 200 227.94345923217904
-1600 1000 200 223.9998024074135
-1400 1000 200 225.19248614687456
-1200 1000 200 229.22928876696596
-1000 1000 200 234.40226119067398
-800 1000 200 239.51278852276766
-600 1000 200 243.75093887298078
-400 1000 200 246.58868163291822
-200 1000 200 247.70337796146742
0 1000 200 246.93027735614456
200 1000 200 247.70337796146742
400 1000 200 246.58868163291822
600 1000 200 243.75093887298078
800 1000 200 239.51278852276775
1000 1000 200 234.40226119067412
1200 1000 200 229.2292887669658
1400 1000 200 225.19248614687442
1600 1000 200 223.9998024074137
1800 1000 200 227.94345923217838
2000 1000 200 239.81293905851746
2200 1000 200 262.68800756571085
2400 1000 200 305.4838686797845
2600 1000 200 365.0485194207017
2800 1000 200 440.70452006777253
3000 1000 200 533.0431806987592
3200 1000 200 642.6861160678768
3400 1000 200 770.331041287134
3600 1000 200 916.7534861912739
3800 1000 200 1082.7939378010433
4000 1000 200 1269.343037776253
4200 1000 200 1477.3289463783567
4400 1000 200 1707.707601641803
4600 1000 200 1961.4555154520351
4800 1000 200 2239.5645284233647
5000 1000 200 2543.0380022280506
5200 1000 200 2872.8880453154316
5400 1000 200 3230.133477046129
5600 1000 200 3615.798320259313
5800 1000 200 4030.9106741275673
6000 1000 200 4476.50186283687
6200 1000 200 4953.60578612513
6400 1000 200 5463.258418956889
6600 1000 200 6006.497422443622
6800 1000 200 6584.3618385409245
7000 1000 200 7197.891848422464
7200 1000 200 7848.128579690381
7400 1000 200 8536.113951360436
7600 1000 200 9262.890548313719
7800 1000 200 10029.501518905601
8000 1000 200 10836.990490918724
8200 1000 200 11686.40150214518
8400 1000 200 12578.778942720419
8600 1000 200 13515.16750694278
8800 1000 200 14496.612152828016
9000 1000 200 15524.158067959093
9200 1000 200 16598.85064054903
9400 1000 200 17721.73543478038
9600 1000 200 18893.85816971982
9800 1000 200 20116.2647012098
-10000 1200 200 21558.787681585483
-9800 1200 200 20281.977415048073
-9600 1200 200 19056.503681925573
-9400 1200 200 17881.320961291956
-9200 1200 200 16755.38389545283
-9000 1200 200 15677.64731050018
-8800 1200 200 14647.066240068203
-8600 1200 200 13662.595952885744
-8400 1200 200 12723.191984856636
-8200 1200 200 11827.810176551115
-8000 1200 200 10975.406717215175
-7800 1200 200 10164.938196638086
-7600 1200 200 9395.361666571138
-7400 1200 200 8665.634713794856
-7200 1200 200 7974.715547475195
-7000 1200 200 7321.563104154453
-6800 1200 200 6705.137174614508
-6600 1200 200 6124.398558053086
-6400 1200 200 5578.309250561143
-6200 1200 200 5065.832676966528
-6000 1200 200 4585.93397785475
-5800 1200 200 4137.580367258111
-5600 1200 200 3719.741581446054
-5400 1200 200 3331.3904458953166
-5200 1200 200 2971.5035964725075
-5000 1200 200 2639.06240285429
-4800 1200 200 2333.0541581382113
-4600 1200 200 2052.4736192704668
-4400 1200 200 1796.3250086406626
-4200 1200 200 1563.6246164001138
-4000 1200 200 1353.4041692134097
-3800 1200 200 1164.715135541602
-3600 1200 200 996.6340734015298
-3400 1200 200 848.2688858635299
-3200 1200 200 718.7652001729239
-3000 1200 200 607.3105756976768
-2800 1200 200 513.1311420094123
-2600 1200 200 435.46989742456174
-2400 1200 200 373.52942605835386
-2200 1200 200 331.5202989792882
-2000 1200 200 304.6506067849395
-1800 1200 200 287.9982801029335
-1600 1200 200 278.98738441325133
-1400 1200 200 275.30323379110774
-1200 1200 200 274.96644890343447
-1000 1200 200 276.4126469188476
-800 1200 200 278.47422380678876
-600 1200 200 280.3179281162265
-400 1200 200 281.3768869863641
-200 1200 200 281.29529548702743
0 1200 200 279.89131839651384
200 1200 200 281.29529548702743
400 1200 200 281.3768869863642
600 1200 200 280.3179281162264
800 1200 200 278.47422380678864
1000 1200 200 276.41264691884754
1200 1200 200 274.96644890343424
1400 1200 200 275.3032337911078
1600 1200 200 278.98738441325145
1800 1200 200 287.99828010293317
2000 1200 200 304.6506067849393
2200 1200 200 331.52029897928674
2400 1200 200 373.5294260583549
2600 1200 200 435.46989742456043
2800 1200 200 513.1311420094108
3000 1200 200 607.3105756976767
3200 1200 200 718.7652001729228
3400 1200 200 848.2688858635279
3600 1200 200 996.6340734015301
3800 1200 200 1164.7151355416001
4000 1200 200 1353.4041692134049
4200 1200 200 1563.624616400116
4400 1200 200 1796.3250086406622
4600 1200 200 2052.473619270466
4800 1200 200 2333.0541581382117
5000 1200 200 2639.0624028542893
5200 1200 200 2971.5035964725093
5400 1200 200 3331.39044589532
5600 1200 200 3719.7415814460514
5800 1200 200 4137.58036725811
6000 1200 200 4585.933977854756
6200 1200 200 5065.83267696653
6400 1200 200 5578.309250561138
6600 1200 200 6124.398558053092
6800 1200 200 6705.137174614498
7000 1200 200 7321.563104154451
7200 1200 200 7974.715547475195
7400 1200 200 8665.634713794852
7600 1200 200 9395.361666571134
7800 1200 200 10164.9381966381
8000 1200 200 10975.406717215168
8200 1200 200 11827.810176551115
8400 1200 200 12723.191984856638
8600 1200 200 13662.595952885751
8800 1200 200 14647.066240068218
9000 1200 200 15677.647310500179
9200 1200 200 16755.38389545278
9400 1200 200 17881.320961291956
9600 1200 200 19056.50368192559
9800 1200 200 20281.977415048073
-10000 1400 200 21755.174283955093
-9800 1400 200 20474.793985633474
-9600 1400 200 19245.758017039923
-9400 1400 200 18067.021367829726
-9200 1400 200 16937.539236122673
-9000 1400 200 15856.267054094651
-8800 1400 200 14822.16051742186
-8600 1400 200 13834.175619297283
-8400 1400 200 12891.268689847351
-8200 1400 200 11992.3964419674
-8000 1400 200 11136.516024836863
-7800 1400 200 10322.585086617848
-7600 1400 200 9549.561848230918
-7400 1400 200 8816.40519051694
-7200 1400 200 8122.074757660043
-7000 1400 200 7465.5310804568335
-6800 1400 200 6845.735723926311
-6600 1400 200 6261.651464891131
-6400 1400 200 5712.2425066735905
-6200 1400 200 5196.474739926114
-6000 1400 200 4713.316061084654
-5800 1400 200 4261.736763072676
-5600 1400 200 3840.710016900034
-5400 1400 200 3449.2124678968644
-5200 1400 200 3086.224976649303
-5000 1400 200 2750.7335423466257
-4800 1400 200 2441.7304549434907
-4600 1400 200 2158.215731284617
-4400 1400 200 1899.1988965048376
-4200 1400 200 1663.7011695300964
-4000 1400 200 1450.7580874035996
-3800 1400 200 1259.4225310321024
-3600 1400 200 1088.767943417362
-3400 1400 200 937.8911662676635
-3200 1400 200 805.9136048311395
-3000 1400 200 691.9781475852105
-2800 1400 200 595.237259099484
-2600 1400 200 514.8252740121263
-2400 1400 200 451.5414249329824
-2200 1400 200 408.65971560500435
-2000 1400 200 377.43996726449353
-1800 1400 200 355.95741154258263
-1600 1400 200 341.98153124436953
-1400 1400 200 333.5256039370737
-1200 1400 200 328.8512631847713
-1000 1400 200 326.53195242235705
-800 1400 200 325.4571564939525
-600 1400 200 324.80263289221097
-400 1400 200 323.9897611135895
-200 1400 200 322.6485087740093
0 1400 200 320.59106220261816
200 1400 200 322.6485087740092
400 1400 200 323.98976111358957
600 1400 200 324.80263289221097
800 1400 200 325.4571564939524
1000 1400 200 326.5319524223568
1200 1400 200 328.8512631847712
1400 1400 200 333.5256039370735
1600 1400 200 341.98153124437005
1800 1400 200 355.9574115425821
2000 1400 200 377.43996726449274
2200 1400 200 408.6597156050039
2400 1400 200 451.5414249329824
2600 1400 200 514.8252740121266
2800 1400 200 595.2372590994862
3000 1400 200 691.9781475852105
3200 1400 200 805.9136048311401
3400 1400 200 937.8911662676651
3600 1400 200 1088.7679434173617
3800 1400 200 1259.4225310321024
4000 1400 200 1450.7580874035982
4200 1400 200 1663.7011695300966
4400 1400 200 1899.198896504835
4600 1400 200 2158.2157312846157
4800 1400 200 2441.730454943493
5000 1400 200 2750.733542346623
5200 1400 200 3086.2249766492996
5400 1400 200 3449.212467896866
5600 1400 200 3840.710016900033
5800 1400 200 4261.736763072671
6000 1400 200 4713.316061084652
6200 1400 200 5196.474739926111
6400 1400 200 5712.242506673584
6600 1400 200 6261.651464891134
6800 1400 200 6845.735723926316
7000 1400 200 7465.531080456823
7200 1400 200 8122.074757660039
7400 1400 200 8816.40519051694
7600 1400 200 9549.561848230935
7800 1400 200 10322.585086617839
8000 1400 200 11136.516024836856
8200 1400 200 11992.396441967387
8400 1400 200 12891.268689847342
8600 1400 200 13834.175619297288
8800 1400 200 14822.160517421888
9000 1400 200 15856.267054094616
9200 1400 200 16937.539236122677
9400 1400 200 18067.021367829715
9600 1400 200 19245.758017039923
9800 1400 200 20474.793985633438
-10000 1600 200 21979.263447112335
-9800 1600 200 20694.818382637157
-9600 1600 200 19461.72648716242
-9400 1600 200 18278.943311594583
-9200 1600 200 17145.424662919726
-9000 1600 200 16060.12663476791
-8800 1600 200 15022.005642441552
-8600 1600 200 14030.01846318521
-8400 1600 200 13083.122282616201
-8200 1600 200 12180.274748426295
-8000 1600 200 11320.4340327066
-7800 1600 200 10502.558904513737
-7600 1600 200 9725.608814662044
-7400 1600 200 8988.543995146476
-7200 1600 200 8290.325576148427
-7000 1600 200 7629.9157242364145
-6800 1600 200 7006.277806207417
-6600 1600 200 6418.376584041923
-6400 1600 200 5865.178447720941
-6200 1600 200 5345.651694230547
-6000 1600 200 4858.766862994433
-5800 1600 200 4403.49714030942
-5600 1600 200 3978.8188480722188
-5400 1600 200 3583.7120351871276
-5200 1600 200 3217.1611932651012
-5000 1600 200 2878.15612109087
-4800 1600 200 2565.6929637044736
-4600 1600 200 2278.775449610227
-4400 1600 200 2016.416339304557
-4200 1600 200 1777.639072096692
-4000 1600 200 1561.479541850014
-3800 1600 200 1366.9878212259084
-3600 1600 200 1193.2294481733431
-3400 1600 200 1039.2855285167473
-3200 1600 200 904.2503234932782
-3000 1600 200 787.2241417566393
-2800 1600 200 687.2983655978326
-2600 1600 200 603.528879044106
-2400 1600 200 541.8091757287295
-2200 1600 200 494.76850684664777
-2000 1600 200 458.92484715873996
-1800 1600 200 432.54115645386264
-1600 1600 200 413.6395731993242
-1400 1600 200 400.4728400979632
-1200 1600 200 391.49132573226916
-1000 1600 200 385.3921962564118
-800 1600 200 381.1319272761012
-600 1600 200 377.91445871637734
-400 1600 200 375.1685835254071
-200 1600 200 372.52489713431254
0 1600 200 369.7986286298483
200 1600 200 372.52489713431254
400 1600 200 375.1685835254071
600 1600 200 377.9144587163775
800 1600 200 381.1319272761013
1000 1600 200 385.39219625641175
1200 1600 200 391.4913257322693
1400 1600 200 400.47284009796317
1600 1600 200 413.63957319932416
1800 1600 200 432.5411564538631
2000 1600 200 458.92484715873974
2200 1600 200 494.76850684664737
2400 1600 200 541.80917572873
2600 1600 200 603.5288790441053
2800 1600 200 687.2983655978334
3000 1600 200 787.224141756638
3200 1600 200 904.2503234932784
3400 1600 200 1039.285528516747
3600 1600 200 1193.2294481733438
3800 1600 200 1366.987821225907
4000 1600 200 1561.4795418500153
4200 1600 200 1777.639072096692
4400 1600 200 2016.4163393045565
4600 1600 200 2278.7754496102266
4800 1600 200 2565.692963704475
5000 1600 200 2878.15612109087
5200 1600 200 3217.1611932651062
5400 1600 200 3583.712035187128
5600 1600 200 3978.818848072218
5800 1600 200 4403.497140309422
6000 1600 200 4858.766862994433
6200 1600 200 5345.651694230541
6400 1600 200 5865.178447720936
6600 1600 200 6418.3765840419255
6800 1600 200 7006.277806207419
7000 1600 200 7629.91572423642
7200 1600 200 8290.325576148425
7400 1600 200 8988.543995146485
7600 1600 200 9725.608814662044
7800 1600 200 10502.55890451374
8000 1600 200 11320.434032706604
8200 1600 200 12180.27474842627
8400 1600 200 13083.122282616192
8600 1600 200 14030.018463185204
8800 1600 200 15022.00564244154
9000 1600 200 16060.126634767876
9200 1600 200 17145.424662919733
9400 1600 200 18278.943311594543
9600 1600 200 19461.72648716241
9800 1600 200 20694.81838263718
-10000 1800 200 22231.189496405535
-9800 1800 200 20942.186951081814
-9600 1800 200 19704.547496782296
-9400 1800 200 18517.22729534283
-9200 1800 200 17379.182814245032
-9000 1800 200 16289.370862039668
-8800 1800 200 15246.748628751551
-8600 1800 200 14250.273732092603
-8400 1800 200 13298.90427047263
-8200 1800 200 12391.598883951807
-8000 1800 200 11527.316824548741
-7800 1800 200 10705.01803754477
-7600 1800 200 9923.663255792968
-7400 1800 200 9182.214109413553
-7200 1800 200 8479.63325375779
-7000 1800 200 7814.884519095293
-6800 1800 200 7186.933086185114
-6600 1800 200 6594.745692721608
-6400 1800 200 6037.290876634708
-6200 1800 200 5513.539263355653
-6000 1800 200 5022.463905438551
-5800 1800 200 4563.040684294603
-5600 1800 200 4134.248785111988
-5400 1800 200 3735.071257062089
-5200 1800 200 3364.4956711186624
-5000 1800 200 3021.5148863493796
-4800 1800 200 2705.127930782111
-4600 1800 200 2414.3409921428315
-4400 1800 200 2148.168492259022
-4200 1800 200 1905.6341790901606
-4000 1800 200 1685.7721001320053
-3800 1800 200 1487.627202417907
-3600 1800 200 1310.2551135198084
-3400 1800 200 1152.7203694049108
-3200 1800 200 1014.0919592778948
-3000 1800 200 893.4346057500475
-2800 1800 200 789.7938908192723
-2600 1800 200 706.3433485306797
-2400 1800 200 642.1941061718125
-2200 1800 200 590.5970269079826
-2000 1800 200 549.9078061767567
-1800 1800 200 518.543377527574
-1600 1800 200 494.7201600730908
-1400 1800 200 476.8741338135481
-1200 1800 200 463.6071477684417
-1000 1800 200 453.7252981345279
-800 1800 200 446.253945833454
-600 1800 200 440.4356566906988
-400 1800 200 435.71912544715394
-200 1800 200 431.74611436946395
0 1800 200 428.34136931715284
200 1800 200 431.746114369464
400 1800 200 435.71912544715406
600 1800 200 440.4356566906988
800 1800 200 446.25394583345394
1000 1800 200 453.7252981345281
1200 1800 200 463.6071477684415
1400 1800 200 476.87413381354855
1600 1800 200 494.7201600730905
1800 1800 200 518.5433775275743
2000 1800 200 549.9078061767567
2200 1800 200 590.5970269079828
2400 1800 200 642.1941061718118
2600 1800 200 706.3433485306799
2800 1800 200 789.7938908192721
3000 1800 200 893.4346057500475
3200 1800 200 1014.0919592778937
3400 1800 200 1152.7203694049088
3600 1800 200 1310.25511351981
3800 1800 200 1487.6272024179073
4000 1800 200 1685.7721001320044
4200 1800 200 1905.6341790901608
4400 1800 200 2148.1684922590207
4600 1800 200 2414.340992142833
4800 1800 200 2705.1279307821073
5000 1800 200 3021.514886349375
5200 1800 200 3364.4956711186633
5400 1800 200 3735.071257062092
5600 1800 200 4134.2487851119895
5800 1800 200 4563.040684294604
6000 1800 200 5022.463905438551
6200 1800 200 5513.539263355652
6400 1800 200 6037.290876634698
6600 1800 200 6594.745692721596
6800 1800 200 7186.933086185109
7000 1800 200 7814.884519095289
7200 1800 200 8479.633253757787
7400 1800 200 9182.214109413546
7600 1800 200 9923.663255792957
7800 1800 200 10705.01803754478
8000 1800 200 11527.316824548729
8200 1800 200 12391.59888395181
8400 1800 200 13298.904270472616
8600 1800 200 14250.273732092606
8800 1800 200 15246.748628751548
9000 1800 200 16289.370862039681
9200 1800 200 17379.18281424507
9400 1800 200 18517.227295342836
9600 1800 200 19704.54749678232
9800 1800 200 20942.186951081818
-10000 2000 200 22511.118669698608
-9800 2000 200 21217.06864581512
-9600 2000 200 19974.392791818736
-9400 2000 200 18782.047932041012
-9200 2000 200 17638.99124795088
-9000 2000 200 16544.180318275146
-8800 2000 200 15496.573164566022
-8600 2000 200 14495.128303039604
-8400 2000 200 13538.804803716359
-8200 2000 200 12626.562358029687
-8000 2000 200 11757.361356289824
-7800 2000 200 10930.162976653266
-7600 2000 200 10143.92928753107
-7400 2000 200 9397.623365710924
-7200 2000 200 8690.209432893427
-7000 2000 200 8020.653013797648
-6800 2000 200 7387.921119530092
-6600 2000 200 6790.982460530865
-6400 2000 200 6228.807694035919
-6200 2000 200 5700.369711679155
-6000 2000 200 5204.643973455579
-5800 2000 200 4740.608894683297
-5600 2000 200 4307.246292599305
-5400 2000 200 3903.541898408572
-5200 2000 200 3528.4859383163366
-5000 2000 200 3181.0737822425513
-4800 2000 200 2860.306649814218
-4600 2000 200 2565.192347146787
-4400 2000 200 2294.7459806993857
-4200 2000 200 2047.9905500299903
-4000 2000 200 1823.957251156487
-3800 2000 200 1621.685216110694
-3600 2000 200 1440.2202623882565
-3400 2000 200 1278.612026605975
-3200 2000 200 1135.908632929809
-3000 2000 200 1011.1478781160614
-2800 2000 200 904.7365947220098
-2600 2000 200 822.1869617213952
-2400 2000 200 753.4223535910647
-2200 2000 200 696.9540008074138
-2000 2000 200 651.2344198532145
-1800 2000 200 614.8089374389974
-1600 2000 200 586.0493650813266
-1400 2000 200 563.5374524965647
-1200 2000 200 545.9997424579063
-1000 2000 200 532.3381006426105
-800 2000 200 521.6449206846427
-600 2000 200 513.2063662552388
-400 2000 200 506.4985176310109
-200 2000 200 501.18111507669636
0 2000 200 497.09253034411586
200 2000 200 501.18111507669636
400 2000 200 506.4985176310109
600 2000 200 513.2063662552387
800 2000 200 521.6449206846426
1000 2000 200 532.3381006426105
1200 2000 200 545.9997424579064
1400 2000 200 563.5374524965646
1600 2000 200 586.0493650813262
1800 2000 200 614.8089374389976
2000 2000 200 651.2344198532148
2200 2000 200 696.9540008074129
2400 2000 200 753.4223535910634
2600 2000 200 822.1869617213957
2800 2000 200 904.736594722008
3000 2000 200 1011.1478781160613
3200 2000 200 1135.9086329298086
3400 2000 200 1278.6120266059747
3600 2000 200 1440.2202623882574
3800 2000 200 1621.6852161106947
4000 2000 200 1823.9572511564868
4200 2000 200 2047.9905500299908
4400 2000 200 2294.7459806993857
4600 2000 200 2565.192347146786
4800 2000 200 2860.306649814217
5000 2000 200 3181.0737822425526
5200 2000 200 3528.4859383163334
5400 2000 200 3903.5418984085686
5600 2000 200 4307.246292599308
5800 2000 200 4740.608894683298
6000 2000 200 5204.6439734555815
6200 2000 200 5700.369711679155
6400 2000 200 6228.807694035919
6600 2000 200 6790.982460530873
6800 2000 200 7387.921119530101
7000 2000 200 8020.653013797647
7200 2000 200 8690.209432893427
7400 2000 200 9397.623365710935
7600 2000 200 10143.929287531068
7800 2000 200 10930.162976653251
8000 2000 200 11757.36135628983
8200 2000 200 12626.562358029672
8400 2000 200 13538.804803716363
8600 2000 200 14495.128303039624
8800 2000 200 15496.573164566016
9000 2000 200 16544.180318275136
9200 2000 200 17638.991247950875
9400 2000 200 18782.047932041005
9600 2000 200 19974.392791818744
9800 2000 200 21217.06864581511
-10000 2200 200 22819.24921877148
-9800 2200 200 21519.66513633933
-9600 2200 200 20271.467567688695
-9400 2200 200 19073.61405593256
-9200 2200 200 17925.062554998258
-9000 2200 200 16824.771474361445
-8800 2200 200 15771.69972958632
-8600 2200 200 14764.806799543307
-8400 2200 200 13803.052791318114
-8200 2200 200 12885.398513963792
-8000 2200 200 12010.805562464126
-7800 2200 200 11178.236413479384
-7600 2200 200 10386.654534695717
-7400 2200 200 9635.024509898496
-7200 2200 200 8922.312182181384
-7000 2200 200 8247.484818077157
-6800 2200 200 7609.511295735846
-6600 2200 200 7007.362320657796
-6400 2200 200 6440.010672787845
-6200 2200 200 5906.431489004332
-6000 2200 200 5405.602585004062
-5800 2200 200 4936.50482017628
-5600 2200 200 4498.122507937311
-5400 2200 200 4089.443871719256
-5200 2200 200 3709.461542682475
-5000 2200 200 3357.173088144458
-4800 2200 200 3031.5815481199143
-4600 2200 200 2731.6959389248373
-4400 2200 200 2456.531654315992
-4200 2200 200 2205.110651975736
-4000 2200 200 1976.461251590069
-3800 2200 200 1769.6172863235026
-3600 2200 200 1583.6162423227743
-3400 2200 200 1417.495902225334
-3200 2200 200 1270.2889131662982
-3000 2200 200 1141.0147028477736
-2800 2200 200 1037.34864322054
-2600 2200 200 950.0292317990551
-2400 2200 200 876.2867925146181
-2200 2200 200 814.6908780450706
-2000 2200 200 763.7842016097112
-1800 2200 200 722.2209963896545
-1600 2200 200 688.5013287279202
-1400 2200 200 661.326670003792
-1200 2200 200 639.5285921721008
-1000 2200 200 622.0935978182989
-800 2200 200 608.1776158468473
-600 2200 200 597.112036020279
-400 2200 200 588.404272974111
-200 2200 200 581.7359560767644
0 2200 200 576.9612818380161
200 2200 200 581.7359560767644
400 2200 200 588.404272974111
600 2200 200 597.1120360202789
800 2200 200 608.1776158468471
1000 2200 200 622.0935978182987
1200 2200 200 639.5285921721006
1400 2200 200 661.326670003792
1600 2200 200 688.50132872792
1800 2200 200 722.2209963896541
2000 2200 200 763.7842016097112
2200 2200 200 814.6908780450709
2400 2200 200 876.2867925146182
2600 2200 200 950.0292317990551
2800 2200 200 1037.3486432205402
3000 2200 200 1141.0147028477725
3200 2200 200 1270.288913166298
3400 2200 200 1417.4959022253327
3600 2200 200 1583.6162423227722
3800 2200 200 1769.6172863235013
4000 2200 200 1976.4612515900697
4200 2200 200 2205.110651975734
4400 2200 200 2456.531654315992
4600 2200 200 2731.6959389248414
4800 2200 200 3031.581548119915
5000 2200 200 3357.173088144458
5200 2200 200 3709.461542682473
5400 2200 200 4089.4438717192575
5600 2200 200 4498.122507937312
5800 2200 200 4936.504820176284
6000 2200 200 5405.602585004068
6200 2200 200 5906.43148900434
6400 2200 200 6440.010672787845
6600 2200 200 7007.3623206577895
6800 2200 200 7609.51129573585
7000 2200 200 8247.484818077151
7200 2200 200 8922.312182181387
7400 2200 200 9635.024509898494
7600 2200 200 10386.654534695725
7800 2200 200 11178.23641347937
8000 2200 200 12010.805562464151
8200 2200 200 12885.398513963795
8400 2200 200 13803.052791318101
8600 2200 200 14764.806799543325
8800 2200 200 15771.69972958632
9000 2200 200 16824.771474361434
9200 2200 200 17925.06255499826
9400 2200 200 19073.61405593255
9600 2200 200 20271.467567688702
9800 2200 200 21519.665136339336
-10000 2400 200 23155.811390584735
-9800 2400 200 21850.210781592374
-9600 2400 200 20596.01043639086
-9400 2400 200 19392.16868040444
-9200 2400 200 18237.644306330072
-9000 2400 200 17131.39662342961
-8800 2400 200 16072.38551297567
-8600 2400 200 15059.571490707884
-8400 2400 200 14091.915777282966
-8200 2400 200 13168.380377855614
-8000 2400 200 12287.928172098746
-7800 2400 200 11449.523016124294
-7600 2400 200 10652.12985800172
-7400 2400 200 9894.714868769737
-7200 2400 200 9176.245591056457
-7000 2400 200 8495.691107658891
-6800 2400 200 7852.022232614158
-6600 2400 200 7244.2117274301645
-6400 2400 200 6671.234545161848
-6200 2400 200 6132.068104817801
-6000 2400 200 5625.692598050289
-5800 2400 200 5151.0913289790815
-5600 2400 200 4707.251086044592
-5400 2400 200 4293.162541491952
-5200 2400 200 3907.8206687928287
-5000 2400 200 3550.2251600667373
-4800 2400 200 3219.3808130351345
-4600 2400 200 2914.2978385147535
-4400 2400 200 2633.9920127838195
-4200 2400 200 2377.4845620782457
-4000 2400 200 2143.8016172819143
-3800 2400 200 1931.9730160578317
-3600 2400 200 1741.0301629974908
-3400 2400 200 1570.0026021846575
-3200 2400 200 1417.9129451027784
-3000 2400 200 1290.3818944575112
-2800 2400 200 1183.1183018229067
-2600 2400 200 1090.6472966505357
-2400 2400 200 1011.6285448260695
-2200 2400 200 944.6924151393342
-2000 2400 200 888.4644815354508
-1800 2400 200 841.6928461419119
-1600 2400 200 802.9861362695547
-1400 2400 200 771.1467332840997
-1200 2400 200 745.0964267484464
-1000 2400 200 723.8970421061694
-800 2400 200 706.7639130017234
-600 2400 200 693.0732713532502
-400 2400 200 682.3654131331165
-200 2400 200 674.3456606187209
0 2400 200 668.8848279406653
200 2400 200 674.3456606187209
400 2400 200 682.3654131331165
600 2400 200 693.0732713532502
800 2400 200 706.7639130017235
1000 2400 200 723.8970421061694
1200 2400 200 745.0964267484462
1400 2400 200 771.1467332840997
1600 2400 200 802.9861362695544
1800 2400 200 841.6928461419116
2000 2400 200 888.4644815354507
2200 2400 200 944.6924151393341
2400 2400 200 1011.6285448260688
2600 2400 200 1090.647296650535
2800 2400 200 1183.1183018229071
3000 2400 200 1290.3818944575116
3200 2400 200 1417.9129451027798
3400 2400 200 1570.0026021846588
3600 2400 200 1741.0301629974906
3800 2400 200 1931.973016057834
4000 2400 200 2143.8016172819152
4200 2400 200 2377.484562078247
4400 2400 200 2633.992012783822
4600 2400 200 2914.2978385147517
4800 2400 200 3219.380813035137
5000 2400 200 3550.22516006674
5200 2400 200 3907.820668792828
5400 2400 200 4293.162541491957
5600 2400 200 4707.251086044594
5800 2400 200 5151.091328979082
6000 2400 200 5625.692598050282
6200 2400 200 6132.0681048178
6400 2400 200 6671.234545161846
6600 2400 200 7244.2117274301745
6800 2400 200 7852.0222326141575
7000 2400 200 8495.69110765889
7200 2400 200 9176.245591056453
7400 2400 200 9894.714868769743
7600 2400 200 10652.129858001728
7800 2400 200 11449.523016124307
8000 2400 200 12287.928172098756
8200 2400 200 13168.380377855621
8400 2400 200 14091.91577728296
8600 2400 200 15059.571490707884
8800 2400 200 16072.385512975674
9000 2400 200 17131.396623429555
9200 2400 200 18237.644306330054
9400 2400 200 19392.168680404502
9600 2400 200 20596.010436390894
9800 2400 200 21850.210781592436
-10000 2600 200 23521.06729010922
-9800 2600 200 22208.972476970557
-9600 2600 200 20948.2932554941
-9400 2600 200 19737.98880641984
-9200 2600 200 18577.01883774924
-9000 2600 200 17464.343638694336
-8800 2600 200 16398.924140061627
-8600 2600 200 15379.721981944173
-8400 2600 200 14405.699589681048
-8200 2600 200 13475.820259160655
-8000 2600 200 12589.048252711367
-7800 2600 200 11744.348906941801
-7600 2600 200 10940.6887540527
-7400 2600 200 10177.035658298893
-7200 2600 200 9452.358969404148
-7000 2600 200 8765.629694841062
-6800 2600 200 8115.82069291926
-6600 2600 200 7501.906888569385
-6400 2600 200 6922.865513446819
-6200 2600 200 6377.676371473359
-6000 2600 200 5865.3221299703955
-5800 2600 200 5384.788634963478
-5600 2600 200 4935.0652466985
-5400 2600 200 4515.145187518117
-5200 2600 200 4124.025888397112
-5000 2600 200 3760.709311865836
-4800 2600 200 3424.202216785256
-4600 2600 200 3113.5163133343426
-4400 2600 200 2827.66823347965
-4200 2600 200 2565.679212365208
-4000 2600 200 2326.5743399090456
-3800 2600 200 2109.3812025446796
-3600 2600 200 1913.1277006919152
-3400 2600 200 1736.838814804898
-3200 2600 200 1584.061519113112
-3000 2600 200 1455.4528313374456
-2800 2600 200 1342.8128239732184
-2600 2600 200 1244.8698584370616
-2400 2600 200 1160.3254690815716
-2200 2600 200 1087.8703224818062
-2000 2600 200 1026.2058067835887
-1800 2600 200 974.162099750896
-1600 2600 200 930.4416022654754
-1400 2600 200 893.9335417884816
-1200 2600 200 863.6384603769003
-1000 2600 200 838.6856714360945
-800 2600 200 818.3456311497088
-600 2600 200 802.0378436791183
-400 2600 200 789.3354550836667
-200 2600 200 779.9678341199386
0 2600 200 773.8222464843894
200 2600 200 779.9678341199387
400 2600 200 789.3354550836667
600 2600 200 802.0378436791183
800 2600 200 818.3456311497087
1000 2600 200 838.6856714360941
1200 2600 200 863.6384603769003
1400 2600 200 893.933541788482
1600 2600 200 930.4416022654755
1800 2600 200 974.1620997508959
2000 2600 200 1026.2058067835892
2200 2600 200 1087.870322481806
2400 2600 200 1160.325469081572
2600 2600 200 1244.8698584370613
2800 2600 200 1342.8128239732177
3000 2600 200 1455.4528313374449
3200 2600 200 1584.0615191131121
3400 2600 200 1736.8388148048991
3600 2600 200 1913.1277006919138
3800 2600 200 2109.3812025446805
4000 2600 200 2326.5743399090484
4200 2600 200 2565.6792123652067
4400 2600 200 2827.6682334796524
4600 2600 200 3113.5163133343412
4800 2600 200 3424.2022167852583
5000 2600 200 3760.7093118658345
5200 2600 200 4124.025888397115
5400 2600 200 4515.145187518117
5600 2600 200 4935.065246698494
5800 2600 200 5384.788634963481
6000 2600 200 5865.322129970393
6200 2600 200 6377.676371473359
6400 2600 200 6922.865513446819
6600 2600 200 7501.906888569383
6800 2600 200 8115.820692919256
7000 2600 200 8765.629694841064
7200 2600 200 9452.358969404153
7400 2600 200 10177.035658298899
7600 2600 200 10940.688754052699
7800 2600 200 11744.348906941806
8000 2600 200 12589.048252711376
8200 2600 200 13475.820259160659
8400 2600 200 14405.699589681026
8600 2600 200 15379.721981944182
8800 2600 200 16398.924140061605
9000 2600 200 17464.34363869429
9200 2600 200 18577.01883774925
9400 2600 200 19737.988806419788
9600 2600 200 20948.293255494085
9800 2600 200 22208.97247697054
-10000 2800 200 23915.310628581894
-9800 2800 200 22596.24937820811
-9600 2800 200 21328.620824682683
-9400 2800 200 20111.385088261086
-9200 2800 200 18943.50288093324
-9000 2800 200 17823.935565180196
-8800 2800 200 16751.645219496277
-8600 2800 200 15725.594711468839
-8400 2800 200 14744.747779380727
-8200 2800 200 13808.069123361149
-8000 2800 200 12914.524507236067
-7800 2800 200 12063.08087233869
-7600 2800 200 11252.706464640563
-7400 2800 200 10482.370976658274
-7200 2800 200 9751.045705632874
-7000 2800 200 9057.70372948642
-6800 2800 200 8401.320101962736
-6600 2800 200 7780.872068118505
-6400 2800 200 7195.33930088127
-6200 2800 200 6643.704158616262
-6000 2800 200 6124.951962396717
-5800 2800 200 5638.071289774597
-5600 2800 200 5182.054278988144
-5400 2800 200 4755.896933392104
-5200 2800 200 4358.599409970157
-5000 2800 200 3989.1662675294383
-4800 2800 200 3646.606638944012
-4600 2800 200 3329.934277003984
-4400 2800 200 3038.167404682296
-4200 2800 200 2770.32827827227
-4000 2800 200 2525.44234761706
-3800 2800 200 2302.5368758834948
-3600 2800 200 2100.638870570319
-3400 2800 200 1921.212557158292
-3200 2800 200 1769.8447015289257
-3000 2800 200 1635.5972879930068
-2800 2800 200 1517.2513044323514
-2600 2800 200 1413.564995130488
-2400 2800 200 1323.284431224387
-2200 2800 200 1245.158586522068
-2000 2800 200 1177.9582498189477
-1800 2800 200 1120.5862617970488
-1600 2800 200 1071.8273515439164
-1400 2800 200 1030.6467402789146
-1200 2800 200 996.1146047734253
-1000 2800 200 967.4210763345429
-800 2800 200 943.887527579778
-600 2800 200 924.9744952485497
-400 2800 200 910.286946964327
-200 2800 200 899.5777054480271
0 2800 200 892.749716703894
200 2800 200 899.5777054480271
400 2800 200 910.286946964327
600 2800 200 924.9744952485497
800 2800 200 943.8875275797778
1000 2800 200 967.4210763345427
1200 2800 200 996.1146047734254
1400 2800 200 1030.6467402789149
1600 2800 200 1071.8273515439166
1800 2800 200 1120.5862617970483
2000 2800 200 1177.958249818947
2200 2800 200 1245.1585865220684
2400 2800 200 1323.284431224387
2600 2800 200 1413.5649951304883
2800 2800 200 1517.2513044323512
3000 2800 200 1635.5972879930082
3200 2800 200 1769.8447015289269
3400 2800 200 1921.2125571582908
3600 2800 200 2100.6388705703184
3800 2800 200 2302.5368758834984
4000 2800 200 2525.44234761706
4200 2800 200 2770.328278272271
4400 2800 200 3038.1674046822986
4600 2800 200 3329.9342770039825
4800 2800 200 3646.6066389440116
5000 2800 200 3989.166267529436
5200 2800 200 4358.599409970157
5400 2800 200 4755.896933392108
5600 2800 200 5182.054278988145
5800 2800 200 5638.0712897746
6000 2800 200 6124.9519623967235
6200 2800 200 6643.704158616264
6400 2800 200 7195.33930088127
6600 2800 200 7780.872068118505
6800 2800 200 8401.320101962743
7000 2800 200 9057.703729486408
7200 2800 200 9751.045705632881
7400 2800 200 10482.370976658289
7600 2800 200 11252.706464640558
7800 2800 200 12063.080872338698
8000 2800 200 12914.524507236047
8200 2800 200 13808.06912336116
8400 2800 200 14744.747779380741
8600 2800 200 15725.594711468844
8800 2800 200 16751.645219496288
9000 2800 200 17823.93556518016
9200 2800 200 18943.50288093326
9400 2800 200 20111.385088261126
9600 2800 200 21328.62082468272
9800 2800 200 22596.249378208162
-10000 3000 200 24338.86636288441
-9800 3000 200 23012.372508828426
-9600 3000 200 21737.330457641896
-9400 3000 200 20512.701365784782
-9200 3000 200 19337.44705136091
-9000 3000 200 18210.53005801337
-8800 3000 200 17130.913725843468
-8600 3000 200 16097.562270206903
-8400 3000 200 15109.440869272625
-8200 3000 200 14165.515761327762
-8000 3000 200 13264.75435292302
-7800 3000 200 12406.125338983491
-7600 3000 200 11588.598836119952
-7400 3000 200 10811.14653036661
-7200 3000 200 10072.741840575067
-7000 3000 200 9372.360098601263
-6800 3000 200 8708.978747205192
-6600 3000 200 8081.577556230095
-6400 3000 200 7489.13885700529
-6200 3000 200 6930.647793963725
-6000 3000 200 6405.092591053187
-5800 3000 200 5911.464828418662
-5600 3000 200 5448.759721879807
-5400 3000 200 5015.976393572117
-5200 3000 200 4612.118116472385
-5000 3000 200 4236.1925079812045
-4800 3000 200 3887.21163798394
-4600 3000 200 3564.192004659618
-4400 3000 200 3266.1543169906463
-4200 3000 200 2992.1230074467735
-4000 3000 200 2741.125384066156
-3800 3000 200 2512.190322759146
-3600 3000 200 2304.695126353031
-3400 3000 200 2129.1420174496734
-3200 3000 200 1971.8458669656022
-3000 3000 200 1831.6284566294073
-2800 3000 200 1707.2930792902275
-2600 3000 200 1597.6317331427347
-2400 3000 200 1501.4357677613464
-2200 3000 200 1417.5098104478097
-2000 3000 200 1344.6883378551024
-1800 3000 200 1281.939204680377
-1600 3000 200 1228.1203642965374
-1400 3000 200 1182.2644127203077
-1200 3000 200 1143.5037240381728
-1000 3000 200 1111.0834912217326
-800 3000 200 1084.371980153226
-600 3000 200 1062.868176922377
-400 3000 200 1046.2072471112576
-200 3000 200 1034.1642967864682
0 3000 200 1026.6568358462578
200 3000 200 1034.1642967864682
400 3000 200 1046.2072471112576
600 3000 200 1062.868176922377
800 3000 200 1084.371980153226
1000 3000 200 1111.0834912217329
1200 3000 200 1143.5037240381732
1400 3000 200 1182.2644127203077
1600 3000 200 1228.1203642965372
1800 3000 200 1281.9392046803773
2000 3000 200 1344.6883378551033
2200 3000 200 1417.5098104478097
2400 3000 200 1501.4357677613466
2600 3000 200 1597.631733142734
2800 3000 200 1707.2930792902291
3000 3000 200 1831.6284566294087
3200 3000 200 1971.8458669656013
3400 3000 200 2129.142017449672
3600 3000 200 2304.695126353032
3800 3000 200 2512.1903227591456
4000 3000 200 2741.1253840661543
4200 3000 200 2992.1230074467726
4400 3000 200 3266.1543169906467
4600 3000 200 3564.192004659618
4800 3000 200 3887.211637983938
5000 3000 200 4236.192507981204
5200 3000 200 4612.118116472382
5400 3000 200 5015.97639357212
5600 3000 200 5448.759721879808
5800 3000 200 5911.464828418662
6000 3000 200 6405.092591053184
6200 3000 200 6930.647793963722
6400 3000 200 7489.1388570053
6600 3000 200 8081.577556230094
6800 3000 200 8708.978747205188
7000 3000 200 9372.360098601264
7200 3000 200 10072.741840575063
7400 3000 200 10811.14653036661
7600 3000 200 11588.598836119962
7800 3000 200 12406.1253389835
8000 3000 200 13264.75435292301
8200 3000 200 14165.515761327782
8400 3000 200 15109.44086927263
8600 3000 200 16097.562270206892
8800 3000 200 17130.913725843482
9000 3000 200 18210.53005801335
9200 3000 200 19337.447051360876
9400 3000 200 20512.701365784793
9600 3000 200 21737.330457641903
9800 3000 200 23012.37250882847
-10000 3200 200 24792.090233270883
-9800 3200 200 23457.704259471004
-9600 3200 200 22174.79143894752
-9400 3200 200 20942.31407428123
-9200 3200 200 19759.235206046662
-9000 3200 200 18624.518682197147
-8800 3200 200 17537.1292348342
-8600 3200 200 16496.03256512006
-8400 3200 200 15500.195437250182
-8200 3200 200 14548.585782400147
-8000 3200 200 13640.172813667727
-7800 3200 200 12773.927153041186
-7600 3200 200 11948.820971495055
-7400 3200 200 11163.828143233311
-7200 3200 200 10417.924415086985
-7000 3200 200 9710.087591861624
-6800 3200 200 9039.297738160043
-6600 3200 200 8404.537396734684
-6400 3200 200 7804.791822690717
-6200 3200 200 7239.049231814872
-6000 3200 200 6706.301059769006
-5800 3200 200 6205.5422267544345
-5600 3200 200 5735.771399320626
-5400 3200 200 5295.991237055248
-5200 3200 200 4885.208606723526
-5000 3200 200 4502.434739844065
-4800 3200 200 4146.685301594134
-4600 3200 200 3816.980329485785
-4400 3200 200 3512.343990037952
-4200 3200 200 3231.804092076746
-4000 3200 200 2974.391288905702
-3800 3200 200 2739.1379027355797
-3600 3200 200 2536.2195464933616
-3400 3200 200 2354.4287229535016
-3200 3200 200 2190.8755161140243
-3000 3200 200 2044.3991737629883
-2800 3200 200 1913.8293862659011
-2600 3200 200 1797.9939542405245
-2400 3200 200 1695.7291096833733
-2200 3200 200 1605.8922397197111
-2000 3200 200 1527.3764552439347
-1800 3200 200 1459.208298001368
-1600 3200 200 1400.3115240829454
-1400 3200 200 1349.7790795784304
-1200 3200 200 1306.7993293252423
-1000 3200 200 1270.6674966357702
-800 3200 200 1240.7949490382894
-600 3200 200 1216.7164029384496
-400 3200 200 1198.0952772659452
-200 3200 200 1184.7274713142956
0 3200 200 1176.5437781073456
200 3200 200 1184.7274713142951
400 3200 200 1198.0952772659452
600 3200 200 1216.71640293845
800 3200 200 1240.7949490382894
1000 3200 200 1270.6674966357698
1200 3200 200 1306.7993293252423
1400 3200 200 1349.7790795784304
1600 3200 200 1400.311524082945
1800 3200 200 1459.2082980013681
2000 3200 200 1527.3764552439347
2200 3200 200 1605.8922397197107
2400 3200 200 1695.7291096833744
2600 3200 200 1797.9939542405239
2800 3200 200 1913.8293862659004
3000 3200 200 2044.3991737629874
3200 3200 200 2190.8755161140234
3400 3200 200 2354.428722953502
3600 3200 200 2536.2195464933625
3800 3200 200 2739.13790273558
4000 3200 200 2974.391288905701
4200 3200 200 3231.8040920767444
4400 3200 200 3512.343990037951
4600 3200 200 3816.9803294857843
4800 3200 200 4146.685301594139
5000 3200 200 4502.434739844064
5200 3200 200 4885.20860672353
5400 3200 200 5295.991237055248
5600 3200 200 5735.771399320628
5800 3200 200 6205.542226754433
6000 3200 200 6706.3010597690045
6200 3200 200 7239.049231814874
6400 3200 200 7804.7918226907195
6600 3200 200 8404.537396734682
6800 3200 200 9039.297738160045
7000 3200 200 9710.087591861622
7200 3200 200 10417.92441508699
7400 3200 200 11163.828143233308
7600 3200 200 11948.820971495066
7800 3200 200 12773.9271530412
8000 3200 200 13640.172813667728
8200 3200 200 14548.58578240012
8400 3200 200 15500.195437250184
8600 3200 200 16496.032565120066
8800 3200 200 17537.129234834196
9000 3200 200 18624.51868219715
9200 3200 200 19759.23520604666
9400 3200 200 20942.314074281163
9600 3200 200 22174.79143894752
9800 3200 200 23457.704259470993
-10000 3400 200 25275.36820788013
-9800 3400 200 23932.63778872547
-9600 3400 200 22641.404376887527
-9400 3400 200 21400.63154449226
-9200 3400 200 20209.283685324466
-9000 3400 200 19066.326090197203
-8800 3400 200 17970.72503002316
-8600 3400 200 16921.44784739473
-8400 3400 200 15917.463057508585
-8200 3400 200 14957.740459349852
-8000 3400 200 14041.251258059658
-7800 3400 200 13166.9681994586
-7600 3400 200 12333.865717671397
-7400 3400 200 11540.92009673535
-7200 3400 200 10787.109646967072
-7000 3400 200 10071.414896611914
-6800 3400 200 9392.818798969156
-6600 3400 200 8750.306954626863
-6400 3400 200 8142.867847654986
-6200 3400 200 7569.493093488719
-6000 3400 200 7029.177694677495
-5800 3400 200 6520.92029858193
-5600 3400 200 6043.723448310149
-5400 3400 200 5596.593814586209
-5200 3400 200 5178.542391699801
-5000 3400 200 4788.584635159342
-4800 3400 200 4425.740512262862
-4600 3400 200 4089.0344298657433
-4400 3400 200 3777.494996993397
-4200 3400 200 3490.1545751234357
-4000 3400 200 3226.048568443995
-3800 3400 200 2993.9716994458768
-3600 3400 200 2786.2354339077065
-3400 3400 200 2597.88289274654
-3200 3400 200 2427.78226964451
-3000 3400 200 2274.7941528636966
-2800 3400 200 2137.7771849273972
-2600 3400 200 2015.5958178210788
-2400 3400 200 1907.1301089754786
-2200 3400 200 1811.287289430697
-2000 3400 200 1727.0146317866565
-1800 3400 200 1653.3920414654513
-1600 3400 200 1589.4028933970399
-1400 3400 200 1534.1946264215424
-1200 3400 200 1487.0063139048707
-1000 3400 200 1447.1787642205236
-800 3400 200 1414.1629062720262
-600 3400 200 1387.5264641251292
-400 3400 200 1366.9590279466593
-200 3400 200 1352.2756563529615
0 3400 200 1343.4190999327843
200 3400 200 1352.2756563529615
400 3400 200 1366.9590279466593
600 3400 200 1387.5264641251292
800 3400 200 1414.1629062720265
1000 3400 200 1447.1787642205238
1200 3400 200 1487.0063139048702
1400 3400 200 1534.1946264215428
1600 3400 200 1589.4028933970399
1800 3400 200 1653.392041465451
2000 3400 200 1727.014631786656
2200 3400 200 1811.2872894306968
2400 3400 200 1907.1301089754777
2600 3400 200 2015.5958178210794
2800 3400 200 2137.7771849273972
3000 3400 200 2274.794152863697
3200 3400 200 2427.7822696445082
3400 3400 200 2597.8828927465397
3600 3400 200 2786.2354339077074
3800 3400 200 2993.9716994458768
4000 3400 200 3226.0485684439964
4200 3400 200 3490.1545751234344
4400 3400 200 3777.4949969933996
4600 3400 200 4089.034429865748
4800 3400 200 4425.7405122628625
5000 3400 200 4788.584635159339
5200 3400 200 5178.5423916998025
5400 3400 200 5596.593814586212
5600 3400 200 6043.723448310145
5800 3400 200 6520.920298581922
6000 3400 200 7029.177694677496
6200 3400 200 7569.493093488715
6400 3400 200 8142.867847654995
6600 3400 200 8750.306954626862
6800 3400 200 9392.818798969147
7000 3400 200 10071.414896611912
7200 3400 200 10787.109646967077
7400 3400 200 11540.920096735348
7600 3400 200 12333.865717671384
7800 3400 200 13166.968199458586
8000 3400 200 14041.25125805964
8200 3400 200 14957.740459349852
8400 3400 200 15917.463057508585
8600 3400 200 16921.44784739473
8800 3400 200 17970.725030023175
9000 3400 200 19066.326090197155
9200 3400 200 20209.283685324488
9400 3400 200 21400.631544492273
9600 3400 200 22641.404376887513
9800 3400 200 23932.6377887254
-10000 3600 200 25789.11584332712
-9800 3600 200 24437.59633594178
-9600 3600 200 23137.600464084495
-9400 3600 200 21888.093206132133
-9200 3600 200 20688.040453901507
-9000 3600 200 19536.40909449426
-8800 3600 200 18432.167100231898
-8600 3600 200 17374.2836274557
-8400 3600 200 16361.7291250247
-8200 3600 200 15393.475453369401
-8000 3600 200 14468.496014991419
-7800 3600 200 13585.765897277333
-7600 3600 200 12744.262028474557
-7400 3600 200 11942.963347568117
-7200 3600 200 11180.850988633814
-7000 3600 200 10456.908479980566
-6800 3600 200 9770.121957977215
-6600 3600 200 9119.480394881188
-6400 3600 200 8503.975839157574
-6200 3600 200 7922.603665634443
-6000 3600 200 7374.362831333537
-5800 3600 200 6858.256130803545
-5600 3600 200 6373.290442238292
-5400 3600 200 5918.476952451821
-5200 3600 200 5492.831344941889
-5000 3600 200 5095.373930805457
-4800 3600 200 4725.129697453456
-4600 3600 200 4381.128245379354
-4400 3600 200 4062.403579581631
-4200 3600 200 3767.9937211263477
-4000 3600 200 3505.3074653813724
-3800 3600 200 3270.17051830747
-3600 3600 200 3055.554400866811
-3400 3600 200 2860.350853141168
-3200 3600 200 2683.4458841858786
-3000 3600 200 2523.7240628862796
-2800 3600 200 2380.0744505021676
-2600 3600 200 2251.3982121104145
-2400 3600 200 2136.617801741294
-2200 3600 200 2034.687463912654
-2000 3600 200 1944.6046580987277
-1800 3600 200 1865.4981028217273
-1600 3600 200 1796.4055396139609
-1400 3600 200 1736.5239195774323
-1200 3600 200 1685.1384549902157
-1000 3600 200 1641.631578322849
-800 3600 200 1605.4904957536594
-600 3600 200 1576.3132955562955
-400 3600 200 1553.8136395556783
-200 3600 200 1537.8240832668987
0 3600 200 1528.2980394097535
200 3600 200 1537.8240832668987
400 3600 200 1553.8136395556785
600 3600 200 1576.3132955562958
800 3600 200 1605.4904957536598
1000 3600 200 1641.631578322849
1200 3600 200 1685.1384549902157
1400 3600 200 1736.5239195774323
