-10000 200 200 20989.88820046552
-9800 200 200 19723.482668758494
-9600 200 200 18508.391115618266
-9400 200 200 17343.566441979227
-9200 200 200 16227.961559245667
-9000 200 200 15160.529390745
-8800 200 200 14140.222873435183
-8600 200 200 13165.994959912843
-8400 200 200 12236.798620795187
-8200 200 200 11351.586847552002
-8000 200 200 10509.312655896667
-7800 200 200 9708.929089870593
-7600 200 200 8949.38922678093
-7400 200 200 8229.646183229952
-7200 200 200 7548.6531225051285
-7000 200 200 6905.363263725587
-6800 200 200 6298.72989323584
-6600 200 200 5727.706378932559
-6400 200 200 5191.246188441853
-6200 200 200 4688.302912413454
-6000 200 200 4217.830294698231
-5800 200 200 3778.782271906973
-5600 200 200 3370.1130259396487
-5400 200 200 2990.777054730895
-5200 200 200 2639.7292690264717
-5000 200 200 2315.9251270747777
-4800 200 200 2018.3208257295414
-4600 200 200 1745.8735775031282
-4400 200 200 1497.5420221271117
-4200 200 200 1272.286855101734
-4000 200 200 1069.0718186661798
-3800 200 200 886.8653228778802
-3600 200 200 724.6432147426211
-3400 200 200 581.393758089766
-3200 200 200 456.1271620316564
-3000 200 200 347.895250507283
-2800 200 200 255.83607743483813
-2600 200 200 179.28771257611544
-2400 200 200 118.12162665852506
-2200 200 200 73.83094686861509
-2000 200 200 52.329337248812415
-1800 200 200 61.10708577535281
-1600 200 200 81.00809884958933
-1400 200 200 102.53761019310782
-1200 200 200 122.58170203168079
-1000 200 200 140.07625812022755
-800 200 200 154.58945819511004
-600 200 200 165.91998593682595
-400 200 200 173.9651713523405
-200 200 200 178.67092537837033
0 200 200 180.01080737372334
200 200 200 178.67092537837036
400 200 200 173.96517135234058
600 200 200 165.91998593682604
800 200 200 154.58945819510984
1000 200 200 140.07625812022698
1200 200 200 122.5817020316806
1400 200 200 102.53761019310696
1600 200 200 81.00809884958993
1800 200 200 61.10708577535107
2000 200 200 52.32933724880882
2200 200 200 73.83094686861683
2400 200 200 118.12162665852487
2600 200 200 179.2877125761142
2800 200 200 255.83607743483878
3000 200 200 347.89525050728577
3200 200 200 456.12716203165434
3400 200 200 581.3937580897681
3600 200 200 724.6432147426173
3800 200 200 886.8653228778776
4000 200 200 1069.0718186661798
4200 200 200 1272.2868551017307
4400 200 200 1497.5420221271074
4600 200 200 1745.8735775031298
4800 200 200 2018.3208257295398
5000 200 200 2315.925127074773
5200 200 200 2639.7292690264703
5400 200 200 2990.777054730897
5600 200 200 3370.113025939649
5800 200 200 3778.782271906978
6000 200 200 4217.830294698241
6200 200 200 4688.302912413464
6400 200 200 5191.246188441862
6600 200 200 5727.7063789325675
6800 200 200 6298.729893235831
7000 200 200 6905.363263725581
7200 200 200 7548.653122505114
7400 200 200 8229.646183229948
7600 200 200 8949.389226780926
7800 200 200 9708.92908987057
8000 200 200 10509.312655896663
8200 200 200 11351.586847551991
8400 200 200 12236.798620795154
8600 200 200 13165.994959912847
8800 200 200 14140.222873435181
9000 200 200 15160.529390744992
9200 200 200 16227.96155924567
9400 200 200 17343.566441979212
9600 200 200 18508.39111561827
9800 200 200 19723.482668758526
-10000 400 200 21048.68173305814
-9800 400 200 19781.187226001162
-9600 400 200 18565.00881157524
-9400 400 200 17399.09954604301
-9200 400 200 16282.41251210834
-9000 400 200 15213.900822511132
-8800 400 200 14192.517624235463
-8600 400 200 13217.216103452012
-8400 400 200 12286.94949135903
-8200 400 200 11400.671071108956
-8000 400 200 10557.334186066286
-7800 400 200 9755.89224971787
-7600 400 200 8995.29875762105
-7400 400 200 8274.507301915874
-7200 400 200 7592.471589056677
-7000 400 200 6948.14546164213
-6800 400 200 6340.482925494704
-6600 400 200 5768.438183528523
-6400 400 200 5230.965678491465
-6200 400 200 4727.02014741879
-6000 400 200 4255.556691737455
-5800 400 200 3815.530868536532
-5600 400 200 3405.898810863007
-5400 400 200 3025.6173884125833
-5200 400 200 2673.64442535778
-5000 400 200 2348.9390004507827
-4800 400 200 2050.4618679506502
-4600 400 200 1777.176059894159
-4400 400 200 1528.047767223173
-4200 400 200 1302.0476614998465
-4000 400 200 1098.1529342588494
-3800 400 200 915.3505460763889
-3600 400 200 752.6425955172838
-3400 400 200 609.0555692549639
-3200 400 200 483.65705513692797
-3000 400 200 375.58759197817955
-2800 400 200 284.12490216149246
-2600 400 200 208.82007230924478
-2400 400 200 149.7881450206444
-2200 400 200 108.22003540725345
-2000 400 200 87.66421627479994
-1800 400 200 90.71627406244644
-1600 400 200 103.99866116076204
-1400 400 200 120.79688536013563
-1200 400 200 137.63087078653527
-1000 400 200 152.88275735612424
-800 400 200 165.77257388088563
-600 400 200 175.89916937307683
-400 400 200 183.04577308334783
-200 400 200 187.09439247256662
0 400 200 187.986778420634
200 400 200 187.09439247256668
400 400 200 183.0457730833478
600 400 200 175.8991693730768
800 400 200 165.77257388088555
1000 400 200 152.8827573561244
1200 400 200 137.63087078653587
1400 400 200 120.79688536013539
1600 400 200 103.99866116076136
1800 400 200 90.71627406244384
2000 400 200 87.66421627479745
2200 400 200 108.22003540725458
2400 400 200 149.7881450206446
2600 400 200 208.8200723092479
2800 400 200 284.12490216148876
3000 400 200 375.587591978181
3200 400 200 483.6570551369294
3400 400 200 609.0555692549643
3600 400 200 752.6425955172815
3800 400 200 915.3505460763893
4000 400 200 1098.1529342588506
4200 400 200 1302.0476614998433
4400 400 200 1528.0477672231743
4600 400 200 1777.176059894161
4800 400 200 2050.4618679506466
5000 400 200 2348.9390004507845
5200 400 200 2673.644425357784
5400 400 200 3025.617388412583
5600 400 200 3405.8988108630033
5800 400 200 3815.530868536535
6000 400 200 4255.556691737456
6200 400 200 4727.020147418791
6400 400 200 5230.965678491473
6600 400 200 5768.43818352853
6800 400 200 6340.482925494713
7000 400 200 6948.145461642124
7200 400 200 7592.471589056679
7400 400 200 8274.507301915868
7600 400 200 8995.298757621043
7800 400 200 9755.892249717876
8000 400 200 10557.334186066284
8200 400 200 11400.671071108967
8400 400 200 12286.949491359013
8600 400 200 13217.216103452007
8800 400 200 14192.51762423544
9000 400 200 15213.900822511116
9200 400 200 16282.412512108345
9400 400 200 17399.099546043
9600 400 200 18565.008811575237
9800 400 200 19781.187226001155
-10000 600 200 21134.97322605024
-9800 600 200 19865.89455701662
-9600 600 200 18648.135377190352
-9400 600 200 17480.648988797984
-9200 600 200 16362.388745345994
-9000 600 200 15292.308058484847
-8800 600 200 14269.36040601957
-8600 600 200 13292.499341297344
-8400 600 200 12360.678504257392
-8200 600 200 11472.851634504408
-8000 600 200 10627.972586846925
-7800 600 200 9824.995349872188
-7600 600 200 9062.874068266887
-7400 600 200 8340.563069813805
-7200 600 200 7657.016898241587
-7000 600 200 7011.190353475046
-6800 600 200 6402.038541318739
-6600 600 200 5828.516935253982
-6400 600 200 5289.581453961608
-6200 600 200 4784.188559438339
-6000 600 200 4311.295382397136
-5800 600 200 3869.859884213185
-5600 600 200 3458.8410684537093
-5400 600 200 3077.1992605783707
-5200 600 200 2723.8964827516866
-5000 600 200 2397.8969634661394
-4800 600 200 2098.1678415593046
-4600 600 200 1823.6801558332083
-4400 600 200 1573.4102628919666
-4200 600 200 1346.3419113443501
-4000 600 200 1141.4693462935973
-3800 600 200 957.8020726117215
-3600 600 200 794.3723603622503
-3400 600 200 650.2474030443284
-3200 600 200 524.5495505055379
-3000 600 200 416.4907142767529
-2800 600 200 325.4311614543338
-2600 600 200 250.97577819490917
-2400 600 200 193.10324511588362
-2200 600 200 152.20633305146242
-2000 600 200 131.5617704157374
-1800 600 200 129.38194951691838
-1600 600 200 136.38658324504328
-1400 600 200 147.85649190486805
-1200 600 200 160.63438798753944
-1000 600 200 172.87352345120027
-800 600 200 183.52709860292615
-600 600 200 191.9961969771127
-400 600 200 197.93430724135288
-200 600 200 201.14499404199677
0 600 200 201.52994997041785
200 600 200 201.14499404199674
400 600 200 197.93430724135285
600 600 200 191.99619697711273
800 600 200 183.52709860292603
1000 600 200 172.87352345120033
1200 600 200 160.63438798753953
1400 600 200 147.85649190486788
1600 600 200 136.38658324504414
1800 600 200 129.38194951691875
2000 600 200 131.56177041573756
2200 600 200 152.2063330514628
2400 600 200 193.1032451158839
2600 600 200 250.97577819490908
2800 600 200 325.43116145433396
3000 600 200 416.4907142767532
3200 600 200 524.5495505055368
3400 600 200 650.2474030443279
3600 600 200 794.3723603622493
3800 600 200 957.8020726117207
4000 600 200 1141.4693462935948
4200 600 200 1346.3419113443538
4400 600 200 1573.4102628919659
4600 600 200 1823.680155833209
4800 600 200 2098.167841559307
5000 600 200 2397.8969634661394
5200 600 200 2723.8964827516843
5400 600 200 3077.199260578374
5600 600 200 3458.8410684537134
5800 600 200 3869.8598842131814
6000 600 200 4311.295382397133
6200 600 200 4784.188559438337
6400 600 200 5289.5814539616
6600 600 200 5828.516935253985
6800 600 200 6402.038541318737
7000 600 200 7011.190353475048
7200 600 200 7657.016898241578
7400 600 200 8340.563069813816
7600 600 200 9062.874068266878
7800 600 200 9824.995349872184
8000 600 200 10627.972586846927
8200 600 200 11472.851634504406
8400 600 200 12360.678504257377
8600 600 200 13292.499341297364
8800 600 200 14269.360406019567
9000 600 200 15292.30805848485
9200 600 200 16362.388745345968
9400 600 200 17480.64898879798
9600 600 200 18648.13537719039
9800 600 200 19865.89455701661
-10000 800 200 21248.74297860922
-9800 800 200 19977.58388900108
-9600 800 200 18757.74887411104
-9400 800 200 17588.191561789798
-9200 800 200 16467.86566326733
-9000 800 200 15395.72498411849
-8800 800 200 14370.72343701888
-8600 800 200 13391.815056654414
-8400 800 200 12457.954017216813
-8200 800 200 11568.094653024618
-8000 800 200 10721.191482950735
-7800 800 200 9916.199239498781
-7600 800 200 9152.072903607124
-7400 800 200 8427.767746533076
-7200 800 200 7742.239380574264
-7000 800 200 7094.443820872841
-6800 800 200 6483.337561245969
-6600 800 200 5907.877667893425
-6400 800 200 5367.02189609526
-6200 800 200 4859.728836739
-6000 800 200 4384.958101924253
-5800 800 200 3941.6705622899294
-5600 800 200 3528.8286535491306
-5400 800 200 3145.396776712278
-5200 800 200 2790.341826715215
-5000 800 200 2462.63389935427
-4800 800 200 2161.2472492777683
-4600 800 200 1885.1616066262054
-4400 800 200 1633.3640137619573
-4200 800 200 1404.8514277002942
-4000 800 200 1198.6344664374199
-3800 800 200 1013.7428862659697
-3600 800 200 849.233701309513
-3400 800 200 704.203334860455
-3200 800 200 577.8058014812402
-3000 800 200 469.2793287711975
-2800 800 200 377.98257059620244
-2600 800 200 303.4336492633857
-2400 800 200 245.317522384767
-2200 800 200 203.36113775658364
-2000 800 200 182.2748353234649
-1800 800 200 175.19298004728049
-1600 800 200 176.52819058621782
-1400 800 200 182.7591738122216
-1200 800 200 191.19251755557778
-1000 800 200 200.0003581770816
-800 800 200 208.00908454814376
-600 800 200 214.4817188008122
-400 800 200 218.96331753782056
-200 800 200 221.18538055136807
0 800 200 221.0118494206426
200 800 200 221.18538055136807
400 800 200 218.9633175378206
600 800 200 214.48171880081216
800 800 200 208.0090845481438
1000 800 200 200.00035817708175
1200 800 200 191.19251755557812
1400 800 200 182.7591738122213
1600 800 200 176.52819058621807
1800 800 200 175.19298004728066
2000 800 200 182.2748353234646
2200 800 200 203.3611377565842
2400 800 200 245.31752238476668
2600 800 200 303.4336492633844
2800 800 200 377.9825705962035
3000 800 200 469.2793287711949
3200 800 200 577.80580148124
3400 800 200 704.2033348604559
3600 800 200 849.2337013095157
3800 800 200 1013.7428862659697
4000 800 200 1198.634466437422
4200 800 200 1404.851427700293
4400 800 200 1633.3640137619554
4600 800 200 1885.1616066262031
4800 800 200 2161.2472492777665
5000 800 200 2462.6338993542645
5200 800 200 2790.3418267152124
5400 800 200 3145.3967767122795
5600 800 200 3528.828653549127
5800 800 200 3941.670562289933
6000 800 200 4384.958101924252
6200 800 200 4859.728836739006
6400 800 200 5367.021896095262
6600 800 200 5907.877667893421
6800 800 200 6483.337561245975
7000 800 200 7094.443820872832
7200 800 200 7742.239380574268
7400 800 200 8427.76774653307
7600 800 200 9152.072903607117
7800 800 200 9916.199239498785
8000 800 200 10721.191482950717
8200 800 200 11568.094653024624
8400 800 200 12457.954017216825
8600 800 200 13391.815056654417
8800 800 200 14370.723437018883
9000 800 200 15395.724984118471
9200 800 200 16467.865663267356
9400 800 200 17588.191561789805
9600 800 200 18757.748874111054
9800 800 200 19977.583889001064
-10000 1000 200 21390.001006252274
-9800 1000 200 20116.264701209842
-9600 1000 200 18893.8581697198
-9400 1000 200 17721.735434780403
-9200 1000 200 16598.850640549037
-9000 1000 200 15524.158067959066
-8800 1000 200 14496.61215282805
-8600 1000 200 13515.167506942802
-8400 1000 200 12578.77894272041
-8200 1000 200 11686.4015021452
-8000 1000 200 10836.990490918719
-7800 1000 200 10029.50151890559
-7600 1000 200 9262.890548313719
-7400 1000 200 8536.11395136045
-7200 1000 200 7848.128579690382
-7000 1000 200 7197.891848422456
-6800 1000 200 6584.361838540924
-6600 1000 200 6006.497422443619
-6400 1000 200 5463.25841895688
-6200 1000 200 4953.6057861251265
-6000 1000 200 4476.50186283687
-5800 1000 200 4030.9106741275677
-5600 1000 200 3615.7983202593177
-5400 1000 200 3230.133477046129
-5200 1000 200 2872.8880453154343
-5000 1000 200 2543.0380022280547
-4800 1000 200 2239.564528423365
-4600 1000 200 1961.4555154520315
-4400 1000 200 1707.7076016418027
-4200 1000 200 1477.3289463783553
-4000 1000 200 1269.3430377762543
-3800 1000 200 1082.7939378010408
-3600 1000 200 916.7534861912746
-3400 1000 200 770.3310412871347
-3200 1000 200 642.6861160678759
-3000 1000 200 533.0431806987583
-2800 1000 200 440.70452006777305
-2600 1000 200 365.04851942070064
-2400 1000 200 305.4838686797847
-2200 1000 200 262.6880075657108
-2000 1000 200 239.81293905851632
-1800 1000 200 227.94345923217904
-1600 1000 200 223.9998024074135
-1400 1000 200 225.19248614687456
-1200 1000 200 229.22928876696596
-1000 1000 200 234.40226119067398
-800 1000 200 239.51278852276766
-600 1000 200 243.75093887298078
-400 1000 200 246.58868163291822
-200 1000 200 247.70337796146742
0 1000 200 246.93027735614456
200 1000 200 247.70337796146742
400 1000 200 246.58868163291822
600 1000 200 243.75093887298078
800 1000 200 239.51278852276775
1000 1000 200 234.40226119067412
1200 1000 200 229.2292887669658
1400 1000 200 225.19248614687442
1600 1000 200 223.9998024074137
1800 1000 200 227.94345923217838
2000 1000 200 239.81293905851746
2200 1000 200 262.68800756571085
2400 1000 200 305.4838686797845
2600 1000 200 365.0485194207017
2800 1000 200 440.70452006777253
3000 1000 200 533.0431806987592
3200 1000 200 642.6861160678768
3400 1000 200 770.331041287134
3600 1000 200 916.7534861912739
3800 1000 200 1082.7939378010433
4000 1000 200 1269.343037776253
4200 1000 200 1477.3289463783567
4400 1000 200 1707.707601641803
4600 1000 200 1961.4555154520351
4800 1000 200 2239.5645284233647
5000 1000 200 2543.0380022280506
5200 1000 200 2872.8880453154316
5400 1000 200 3230.133477046129
5600 1000 200 3615.798320259313
